2 0.5711083333333333 0.5561875 0.25333333333333335 0.282375
5 0.3111083333333333 0.647625 0.15555833333333333 0.25274375
2 0.3388916666666667 0.42436875 0.12222499999999999 0.17291250000000002
2 0.417775 0.3533625 0.102225 0.101725
0 0.6088916666666666 0.3866875 0.10666666666666667 0.08504375
10 0.582225 0.33025625 0.07555833333333334 0.05134375
2 0.4830583333333333 0.30504375 0.051666666666666666 0.05845625
1 0.7911083333333334 0.5201875 0.16 0.08121249999999999
1 0.16305833333333333 0.9397937500000001 0.10944166666666667 0.12041874999999999
9 0.5111333333333333 0.33277500000000004 0.032 0.0375375
6 0.44495000000000007 0.30828125 0.037725 0.03906875
2 0.38743333333333335 0.28270625 0.049008333333333334 0.044768749999999996