1 0.722425 0.8066125 0.16401666666666667 0.13599375
1 0.743325 0.76754375 0.22183333333333333 0.07653125
1 0.4897416666666667 0.7306 0.139825 0.05868125
1 0.6700333333333333 0.7456 0.18198333333333333 0.07134375
1 0.9144916666666667 0.7726000000000001 0.17101666666666668 0.13468125
8 0.4368916666666667 0.6691125 0.11794166666666667 0.055787500000000004
8 0.6360416666666666 0.6749187499999999 0.20493333333333333 0.063375
10 0.420525 0.67144375 0.24175833333333335 0.076725
10 0.4848333333333333 0.6437 0.23695833333333335 0.0810125
10 0.745 0.663575 0.19336666666666666 0.08073124999999999
10 0.7048833333333333 0.62776875 0.1825166666666667 0.04140625
10 0.42665833333333336 0.6061 0.17398333333333332 0.035681250000000005
9 0.22368333333333335 0.59875625 0.09890833333333333 0.047162499999999996
1 0.3147666666666667 0.6012937500000001 0.06048333333333333 0.03889375
8 0.5599916666666667 0.5938875 0.11510000000000001 0.03343125
2 0.9042083333333333 0.62641875 0.19158333333333333 0.141175
8 0.734325 0.59755625 0.129325 0.04743125
10 0.16668333333333335 0.6538375000000001 0.22485833333333333 0.07460625
8 0.11571666666666668 0.7027875 0.19585833333333333 0.07377500000000001
2 0.07996666666666666 0.5714125 0.113675 0.06558125000000001
1 0.13004166666666667 0.603425 0.04483333333333333 0.032487499999999996
8 0.0153 0.5602125 0.023483333333333332 0.04211875