9 0.3375 0.6634687499999999 0.1125 0.1677604166666667
10 0.47890625 0.6763750000000001 0.1921875 0.15192708333333332
8 0.34640624999999997 0.86171875 0.20218750000000002 0.24761458333333333
8 0.91875 0.6784583333333334 0.1625 0.16441666666666668
8 0.786875 0.682625 0.16125 0.17275000000000001
2 0.49406249999999996 0.5728854166666667 0.206875 0.08242708333333333
10 0.652453125 0.6130104166666667 0.059351562499999996 0.039375
9 0.2968515625 0.60825 0.040125 0.05088541666666667
8 0.387734375 0.5992083333333333 0.0723515625 0.03034375
7 0.2449765625 0.607 0.082203125 0.078125
1 0.2571875 0.7186666666666667 0.108125 0.12398958333333333