2 0.47002092050209204 0.5023176470588235 0.20780334728033473 0.20385882352941176
2 0.8939958158995815 0.8933294117647059 0.21198744769874478 0.2133294117647059
8 0.1635355648535565 0.7138235294117647 0.20152719665271965 0.1758941176470588
10 0.7440794979079498 0.491364705882353 0.18410041841004185 0.08782352941176472
10 0.8852928870292888 0.5809411764705883 0.22941422594142258 0.10618823529411765
9 0.8769246861924687 0.6513058823529412 0.19177824267782428 0.12535294117647058
8 0.6572594142259415 0.5778 0.12901673640167363 0.11560000000000001
10 0.5934518828451883 0.4625529411764706 0.13389121338912133 0.07332941176470588
1 0.33368200836820083 0.4768588235294117 0.10110878661087866 0.08234117647058822
2 0.9290585774058577 0.44830588235294117 0.1418828451882845 0.1104
2 0.8483472803347281 0.3816470588235294 0.2130125523012552 0.06598823529411765
10 0.7587029288702929 0.41602352941176474 0.11510460251046026 0.0746
8 0.8092677824267782 0.4408 0.0604602510460251 0.03654117647058824