2 0.8085774058577406 0.8335294117647059 0.38284518828451886 0.33294117647058824
2 0.3891213389121339 0.4278470588235294 0.07391213389121339 0.10197647058823531
2 0.46338912133891214 0.3957058823529412 0.07600418410041841 0.05337647058823529
9 0.4724476987447699 0.44536470588235294 0.045209205020920504 0.0408
8 0.5914644351464435 0.5477882352941177 0.3788284518828452 0.14154117647058823
1 0.5756066945606694 0.5236235294117647 0.033075313807531384 0.05823529411764706
2 0.4289958158995816 0.3520117647058823 0.11119246861924686 0.039482352941176475
8 0.329142259414226 0.7403764705882353 0.10560669456066946 0.14096470588235294
9 0.4735774058577406 0.8776 0.20364016736401674 0.14901176470588234
9 0.5990794979079498 0.6518823529411765 0.12895397489539748 0.09903529411764707
1 0.730836820083682 0.6380235294117648 0.07336820083682008 0.05281176470588236
10 0.41384937238493724 0.6167294117647059 0.16251046025104604 0.22851764705882355