2 0.3256694560669456 0.6185647058823529 0.15621338912133892 0.15007058823529412
2 0.44282426778242673 0.8374941176470588 0.33472803347280333 0.3173294117647059
2 0.7911506276150628 0.7757529411764705 0.4177196652719665 0.28404705882352943
2 0.49686192468619245 0.6266117647058823 0.17085774058577405 0.13085882352941178
10 0.9462970711297071 0.6264117647058824 0.10738493723849372 0.1030235294117647
10 0.6220292887029288 0.616035294117647 0.0934518828451883 0.05481176470588236
10 0.6638702928870293 0.5905529411764706 0.12133891213389121 0.07443529411764706
10 0.7890585774058577 0.5184235294117647 0.043933054393305436 0.039976470588235294
10 0.9114435146443515 0.5380117647058823 0.17713389121338913 0.07916470588235294
2 0.4888493723849372 0.5131176470588235 0.13389121338912133 0.07251764705882353
2 0.3682426778242678 0.49431764705882353 0.18878661087866108 0.042352941176470586
10 0.34357740585774055 0.5429058823529412 0.05788702928870293 0.032494117647058826
9 0.40989539748953974 0.5574705882352942 0.05728033472803347 0.0278
10 0.43359832635983264 0.5418 0.07813807531380754 0.015647058823529413
10 0.5257949790794979 0.5607764705882353 0.10317991631799163 0.0408