10 0.6928242677824268 0.6469882352941178 0.18619246861924685 0.15594117647058825
10 0.40698744769874473 0.49967058823529414 0.10924686192468619 0.06352941176470588
10 0.5316945606694561 0.4087411764705882 0.054748953974895403 0.027505882352941175
1 0.4114435146443514 0.44871764705882355 0.03956066945606695 0.032341176470588234
8 0.5165062761506276 0.44685882352941175 0.29682008368200835 0.17741176470588238
1 0.34240585774058574 0.5718470588235294 0.0455857740585774 0.07821176470588236
1 0.30730125523012547 0.6786941176470588 0.059205020920502095 0.1048
1 0.5497698744769874 0.5693411764705882 0.0647071129707113 0.07025882352941176
1 0.716652719665272 0.5163882352941177 0.06836820083682009 0.057188235294117644
1 0.9434100418410042 0.47809411764705884 0.11317991631799164 0.08783529411764705
10 0.9401255230125523 0.5733882352941176 0.11972803347280334 0.1034
9 0.4955439330543933 0.6933411764705882 0.13964435146443516 0.1532470588235294