2 0.6541666666666667 0.76640625 0.6833333333333333 0.4671796875
2 0.321875 0.5023125 0.12291666666666666 0.17182031250000002
2 0.4625 0.5275078125 0.175 0.155796875
10 0.59765625 0.5050546875 0.22135416666666666 0.138234375
9 0.6572916666666667 0.5056484375 0.08541666666666667 0.0652109375
2 0.95703125 0.47734375 0.0859375 0.04375
1 0.11666666666666667 0.70675 0.15 0.11585156249999999
2 0.484375 0.3918203125 0.11458333333333333 0.068015625
2 0.3453125 0.38361718749999996 0.05520833333333333 0.059429687499999995
2 0.2911458333333333 0.3650703125 0.051041666666666666 0.0496796875
2 0.3690104166666667 0.3535546875 0.08697916666666666 0.053984374999999994
10 0.32916666666666666 0.420140625 0.075 0.026992187499999997
10 0.48854166666666665 0.44551562499999997 0.08125 0.0543125
10 0.7177083333333333 0.40021874999999996 0.08125 0.04184375