10 0.3999372384937238 0.7369411764705882 0.18619246861924685 0.24565882352941176
10 0.4023640167364017 0.5699647058823529 0.1143723849372385 0.09992941176470588
10 0.6750418410041842 0.47823529411764704 0.17154811715481172 0.026282352941176472
8 0.8671548117154811 0.7591058823529412 0.17223849372384936 0.19192941176470588
8 0.5948326359832635 0.8802470588235295 0.24826359832635983 0.14402352941176472
8 0.5460251046025104 0.6646352941176471 0.0948326359832636 0.12064705882352941
8 0.6826987447698745 0.6436705882352941 0.08926778242677824 0.07478823529411764
8 0.5331171548117155 0.5738941176470588 0.07600418410041841 0.06071764705882353
8 0.5889121338912134 0.5395882352941176 0.07600418410041841 0.0666235294117647
8 0.6711924686192469 0.5568352941176471 0.045334728033472806 0.05407058823529412
8 0.4762970711297071 0.5176352941176471 0.06694560669456066 0.04781176470588235
9 0.6687656903765691 0.7632235294117647 0.17294979079497907 0.16488235294117648
2 0.46234309623430964 0.38708235294117643 0.0948326359832636 0.051823529411764706
7 0.5658995815899581 0.39237647058823527 0.07182008368200836 0.03495294117647059