2 0.2681380753138075 0.7053764705882354 0.536255230125523 0.2743058823529412
2 0.5111506276150628 0.5533058823529412 0.15341004184100418 0.10503529411764706
10 0.6820083682008368 0.7943882352941176 0.21338912133891214 0.16838823529411764
10 0.7262970711297071 0.6144705882352941 0.1248326359832636 0.06735294117647059
9 0.5993723849372385 0.6187764705882354 0.08299163179916319 0.0838235294117647
8 0.607050209205021 0.6748352941176471 0.08437238493723849 0.07829411764705882
7 0.23326359832635984 0.5529176470588235 0.22943514644351465 0.06978823529411765
10 0.38792887029288703 0.5143411764705882 0.09127615062761507 0.0318
10 0.4890794979079498 0.48718823529411764 0.06717573221757323 0.024529411764705883
10 0.5971548117154811 0.5006235294117647 0.03650627615062761 0.03704705882352941
8 0.6511924686192468 0.5600470588235295 0.07740585774058577 0.047070588235294114
1 0.7447489539748954 0.5614941176470588 0.05824267782426778 0.03762352941176471
10 0.16786610878661087 0.4776941176470588 0.08014644351464435 0.01889411764705882
1 0.16018828451882844 0.4982705882352941 0.06481171548117155 0.013858823529411764
8 0.2784937238493724 0.4960117647058824 0.04581589958158996 0.033976470588235295