2 0.2785983263598326 0.7070588235294117 0.5571757322175732 0.5858823529411765
10 0.10320083682008367 0.5370235294117648 0.19943514644351465 0.15952941176470586
8 0.5613598326359832 0.6955764705882354 0.4100418410041841 0.4005058823529412
8 0.6917782426778243 0.44529411764705884 0.14922594142259413 0.13292941176470588
2 0.1258786610878661 0.37158823529411766 0.23780334728033473 0.15807058823529413
1 0.13127615062761505 0.405 0.07951882845188284 0.06885882352941176
9 0.917050209205021 0.3784352941176471 0.06361924686192469 0.06803529411764705
2 0.6976778242677825 0.28412941176470585 0.12303347280334728 0.1325294117647059
10 0.45102510460251044 0.3108705882352941 0.09782426778242677 0.04935294117647059
2 0.8996443514644351 0.2842941176470588 0.11282426778242678 0.08901176470588235
2 0.8006066945606695 0.23132941176470587 0.08282426778242678 0.043835294117647056
2 0.9496025104602511 0.2389294117647059 0.07771966527196653 0.06238823529411765
10 0.8115690376569038 0.29257647058823527 0.08972803347280335 0.05492941176470588