0 0.7175 0.66844375 0.307225 0.277725
4 0.8657666666666667 0.9228000000000001 0.268475 0.15440625
9 0.9267249999999999 0.7855625 0.14655 0.1341125
8 0.49595 0.619025 0.10745833333333332 0.12805624999999998
8 0.3233 0.5158375000000001 0.2147083333333333 0.27504375
1 0.313375 0.41996875 0.05435 0.0678
1 0.42031666666666667 0.6821125000000001 0.08844166666666667 0.09614375000000001
1 0.380225 0.7284375 0.11572500000000001 0.11130000000000001
2 0.4613333333333334 0.473775 0.24280833333333335 0.2575625
8 0.5423416666666666 0.42151249999999996 0.07418333333333332 0.0709
8 0.817075 0.4772125 0.08844166666666667 0.10324375
2 0.8822916666666667 0.45519374999999995 0.23540833333333333 0.21419375
7 0.5980333333333333 0.3965625 0.24549166666666664 0.12948125
9 0.22399166666666667 0.37846874999999996 0.088425 0.07934375
10 0.3058166666666667 0.36607500000000004 0.13638333333333333 0.06695625
8 0.3459083333333333 0.33873125000000004 0.10910833333333333 0.04481875
2 0.492625 0.2880625 0.11324166666666666 0.10155625
8 0.6563916666666666 0.3450875 0.05848333333333334 0.048225
8 0.8905166666666666 0.3474125 0.05971666666666666 0.043575
1 0.24423333333333333 0.25336875 0.029758333333333335 0.032168749999999996
10 0.07046666666666666 0.35414375 0.1306 0.06480000000000001
1 0.25675833333333337 0.538675 0.075425 0.0711875
8 0.21873333333333334 0.23405 0.03244166666666667 0.03383125
8 0.18805 0.2552 0.039266666666666665 0.03118125
8 0.23888333333333336 0.20608125000000002 0.033475000000000005 0.02904375
8 0.20984999999999998 0.2053875 0.027066666666666662 0.023