9 0.1677604166666667 0.6679921875 0.13173958333333333 0.1356484375
8 0.26579166666666665 0.6506171875 0.09622916666666666 0.1286875
8 0.5400833333333334 0.695203125 0.10137499999999999 0.122921875
8 0.6980729166666666 0.5757109375 0.08388541666666667 0.09003125
8 0.6826354166666667 0.8488749999999999 0.15798958333333332 0.1940625
1 0.46778125 0.6071718749999999 0.058666666666666666 0.0858046875
1 0.5038020833333333 0.54984375 0.05042708333333333 0.0799765625
1 0.8537395833333333 0.8216484375 0.12041666666666666 0.1465546875
9 0.6077604166666667 0.6160625 0.12247916666666667 0.11283593750000001
1 0.48353125 0.47340625000000003 0.042979166666666666 0.053171875
1 0.622625 0.46242968749999996 0.041791666666666664 0.055398437499999995
8 0.48442708333333334 0.38696875 0.03044791666666667 0.03609375
8 0.3842916666666667 0.39984375 0.03611458333333333 0.039015625
8 0.42517708333333337 0.39323437499999997 0.0319375 0.037890625
10 0.41622916666666665 0.3645703125 0.03910416666666667 0.0208515625
10 0.5465104166666667 0.447765625 0.07222916666666666 0.0542734375
10 0.44965625000000004 0.3476640625 0.04865625 0.020617187500000002
10 0.8951354166666667 0.45089843749999997 0.08894791666666667 0.05248437500000001
10 0.8336458333333333 0.5006171875 0.11998958333333333 0.08207031249999999
10 0.26177083333333334 0.40525781250000004 0.122125 0.040328125