8 0.38419791666666664 0.7006875 0.10079166666666667 0.1320390625
8 0.2799166666666667 0.5756484375 0.059875 0.066078125
8 0.6017395833333333 0.5670390624999999 0.05688541666666667 0.0668203125
10 0.7045208333333334 0.5859453125 0.11875 0.0889140625
1 0.28839583333333335 0.723328125 0.07085416666666666 0.10771875
1 0.5323854166666666 0.723890625 0.06785416666666667 0.115578125
1 0.21405208333333334 0.6946953125 0.06586458333333332 0.09759375
9 0.5151666666666667 0.6164531249999999 0.09630208333333333 0.0982890625
8 0.5262291666666666 0.5448046875 0.05253125 0.0493515625
8 0.4711979166666667 0.534484375 0.05503125 0.056851562499999994
8 0.29046875 0.6339453125000001 0.07254166666666667 0.061609375
10 0.58140625 0.4917890625 0.06346875 0.047445312499999996
10 0.38364583333333335 0.4901484375 0.08630208333333332 0.0469765625
10 0.4322708333333333 0.4475703125 0.05409375 0.0420234375
8 0.41460416666666666 0.5700234375 0.06565625 0.058984375
8 0.35050000000000003 0.597703125 0.06879166666666667 0.06088281250000001
9 0.51434375 0.487328125 0.05503125 0.04415625