10 0.34595 0.7375624999999999 0.15270833333333333 0.1605875
10 0.3723 0.62136875 0.11621666666666668 0.12279999999999999
10 0.44560833333333333 0.53265 0.08040833333333333 0.060899999999999996
10 0.519825 0.6472374999999999 0.11086666666666666 0.11231875000000001
9 0.47485000000000005 0.7137375 0.08995 0.13001875
8 0.5527666666666667 0.7857437500000001 0.0889 0.17283125
8 0.70835 0.80810625 0.09570000000000001 0.18461249999999998
1 0.329725 0.91474375 0.13545 0.16961874999999998
8 0.2552 0.6466875000000001 0.0774 0.12299375
10 0.45863333333333334 0.46482500000000004 0.070075 0.0534375
2 0.44874166666666665 0.40287500000000004 0.048933333333333336 0.055549999999999995