2 0.6363389121338913 0.8258823529411765 0.7273430962343097 0.34823529411764703
2 0.32112970711297073 0.6195529411764706 0.1541213389121339 0.13243529411764704
2 0.4724476987447699 0.6389529411764706 0.24755230125523012 0.12810588235294118
8 0.7890585774058577 0.6319058823529412 0.09972803347280335 0.06695294117647059
9 0.854958158995816 0.5756588235294118 0.0850836820083682 0.06032941176470588
10 0.6094769874476987 0.6101529411764706 0.09623430962343096 0.05089411764705882
10 0.6380334728033473 0.5867529411764706 0.09382845188284519 0.0342
2 0.4846234309623431 0.5212705882352942 0.10395397489539748 0.05829411764705882
9 0.3925523012552301 0.5663529411764706 0.03709205020920502 0.05221176470588235
10 0.42518828451882845 0.5526352941176471 0.05801255230125523 0.028341176470588234
10 0.5038075313807531 0.5617176470588235 0.08843096234309625 0.04294117647058823