10 0.059725 0.7646875 0.102775 0.14520625
10 0.11527500000000002 0.61161875 0.08055833333333333 0.0849
10 0.034725 0.6522249999999999 0.06389166666666667 0.10361875
8 0.36666666666666664 0.93666875 0.13333333333333333 0.12666875
8 0.6011083333333334 0.88359375 0.157775 0.22052499999999997
1 0.457225 0.8827750000000001 0.08110833333333334 0.13555
1 0.48222499999999996 0.6359875 0.05333333333333334 0.0761375
1 0.3566666666666667 0.64265 0.04666666666666667 0.0761375
8 0.385 0.58266875 0.11444166666666668 0.07284375
5 0.397825 0.5209375 0.07778333333333333 0.07976875
2 0.4086 0.44728124999999996 0.061566666666666665 0.09914375
2 0.5092833333333333 0.48260624999999996 0.12512500000000001 0.11645625000000001
1 0.7016333333333333 0.537525 0.09423333333333334 0.04126875
2 0.4697166666666666 0.4018 0.04600833333333333 0.04485
10 0.5948416666666666 0.444125 0.051783333333333334 0.042824999999999995
0 0.55795 0.4106375 0.040225000000000004 0.0325125
10 0.5547249999999999 0.38447499999999996 0.036000000000000004 0.01686875
2 0.5091666666666667 0.371975 0.04000833333333333 0.0485375
1 0.3394833333333333 0.5425249999999999 0.025558333333333336 0.051262499999999996
2 0.44685833333333336 0.36656875 0.027725000000000003 0.030425
5 0.40646666666666664 0.3895 0.029091666666666665 0.01809375
8 0.43162500000000004 0.39150625 0.0235 0.01954375
8 0.404525 0.39942500000000003 0.0275 0.01055625