2 0.054441666666666666 0.47120625 0.10889166666666665 0.32908125
8 0.08777499999999999 0.7577750000000001 0.17555833333333332 0.4022125
10 0.21360833333333332 0.5518437500000001 0.26610833333333334 0.0778625
10 0.1744416666666667 0.5149875 0.19333333333333333 0.058306250000000004
0 0.21666666666666667 0.4760375 0.21110833333333334 0.05958125
7 0.427775 0.48269375 0.2733333333333333 0.1228875
8 0.5838916666666666 0.557875 0.22333333333333333 0.13909375000000002
2 0.6623083333333333 0.46375625 0.08208333333333333 0.0268
5 0.64915 0.4816375 0.12155833333333334 0.03228125
8 0.756575 0.5161375 0.05980833333333333 0.07436875
10 0.7514916666666667 0.48044375 0.0616 0.01755625