1 0.5555439330543933 0.9159882352941177 0.23156903765690376 0.1350235294117647
1 0.8565899581589957 0.8807647058823529 0.2005439330543933 0.10996470588235294
8 0.2666317991631799 0.9318823529411765 0.36753138075313807 0.1166235294117647
8 0.6900209205020921 0.6390588235294118 0.19035564853556483 0.11637647058823529
8 0.6439330543933055 0.5661882352941177 0.2043723849372385 0.2048
9 0.4898953974895397 0.6038235294117648 0.10451882845188284 0.1199764705882353
8 0.2075523012552301 0.6180352941176471 0.12194560669456067 0.12211764705882353
10 0.3424686192468619 0.6202941176470588 0.14106694560669458 0.1481529411764706
10 0.3611506276150627 0.5191411764705882 0.12746861924686193 0.10594117647058823
10 0.5132635983263598 0.5028941176470588 0.12577405857740584 0.14990588235294117
2 0.48799163179916316 0.3978 0.08794979079497908 0.09264705882352942
10 0.3857949790794979 0.4005529411764706 0.07479079497907949 0.062305882352941176
10 0.4290376569037657 0.3528705882352941 0.06062761506276151 0.030152941176470587