10 0.39435146443514646 0.5534941176470588 0.14713389121338913 0.09836470588235294
10 0.8277615062761506 0.8504352941176471 0.3444979079497908 0.2883176470588235
10 0.8751673640167363 0.4923411764705882 0.11156903765690376 0.0701764705882353
10 0.5529916317991631 0.4014 0.08089958158995816 0.029458823529411763
1 0.27546025104602506 0.7377529411764706 0.08368200836820083 0.1217764705882353
1 0.5644979079497907 0.7847882352941177 0.1248326359832636 0.12174117647058824
1 0.700836820083682 0.5662470588235294 0.06972803347280335 0.07288235294117647
1 0.5561297071129707 0.49117647058823527 0.04671548117154811 0.05997647058823529
1 0.4219037656903765 0.4711764705882353 0.04184100418410042 0.04352941176470588
8 0.4128242677824268 0.7218588235294118 0.12133891213389121 0.1723529411764706
8 0.532071129707113 0.6144588235294117 0.0948326359832636 0.11439999999999999
8 0.6973430962343096 0.47352941176470587 0.07671548117154812 0.07959999999999999
8 0.6297071129707112 0.5150823529411764 0.06694560669456066 0.06860000000000001
8 0.4972175732217573 0.4743058823529412 0.05299163179916318 0.06548235294117646
8 0.4707112970711297 0.43765882352941177 0.05579497907949791 0.03531764705882353
8 0.47280334728033474 0.40610588235294115 0.04602510460251046 0.02318823529411765
8 0.4602510460251046 0.3867058823529412 0.07112970711297072 0.030647058823529413
8 0.9274686192468619 0.43275294117647056 0.09064853556485356 0.06081176470588235