2 0.4355020920502092 0.48605882352941177 0.15968619246861923 0.1360470588235294
2 0.8678451882845188 0.8227411764705883 0.2642887029288703 0.35450588235294117
10 0.8152092050209205 0.5339058823529411 0.1589958158995816 0.05917647058823529
10 0.6530753138075314 0.4602 0.12064853556485355 0.06863529411764706
10 0.5401046025104603 0.43687058823529407 0.0899581589958159 0.04943529411764706
10 0.2834728033472803 0.3790470588235294 0.10669456066945607 0.03967058823529412
10 0.7196652719665272 0.40456470588235294 0.056715481171548114 0.040235294117647064
10 0.7667364016736402 0.4291411764705882 0.06027196652719665 0.027376470588235294
2 0.8678033472803347 0.4627764705882353 0.2643723849372385 0.2054
8 0.803765690376569 0.4486823529411765 0.07129707112970711 0.038776470588235294
8 0.606715481171548 0.5153294117647058 0.04943514644351464 0.07903529411764706
1 0.6511297071129707 0.5040941176470588 0.02993723849372385 0.0466
1 0.48056485355648537 0.3706235294117647 0.035460251046025106 0.017788235294117646
1 0.5011506276150628 0.3876235294117647 0.027384937238493723 0.026294117647058825
8 0.4529916317991632 0.3962588235294118 0.09060669456066946 0.047999999999999994
9 0.7334518828451883 0.5548470588235295 0.10792887029288703 0.06724705882352941
9 0.8343096234309624 0.6156352941176471 0.19144351464435147 0.06698823529411764
8 0.12935146443514645 0.7133882352941177 0.10489539748953974 0.16007058823529413
8 0.5700418410041841 0.9209058823529411 0.1699581589958159 0.13156470588235294
8 0.23069037656903765 0.4756470588235294 0.07887029288702929 0.043376470588235294
8 0.3070083682008368 0.4460470588235294 0.046129707112970715 0.04229411764705883
10 0.44493723849372385 0.343 0.03171548117154812 0.01704705882352941
10 0.46951882845188286 0.3564235294117647 0.03330543933054393 0.01603529411764706
1 0.42225941422594143 0.33603529411764704 0.012092050209205021 0.0176
8 0.4270083682008369 0.3573647058823529 0.021610878661087865 0.021270588235294114
1 0.40451882845188286 0.34361176470588234 0.014267782426778243 0.019376470588235294