10 0.565625 0.6694453125 0.40208333333333335 0.209203125
10 0.7049479166666667 0.5118828125 0.35260416666666666 0.1558046875
9 0.15494791666666666 0.8869140625 0.2734375 0.226171875
9 0.9049479166666666 0.69834375 0.19010416666666666 0.2045
1 0.3072916666666667 0.354328125 0.07291666666666667 0.0711640625
8 0.12083333333333333 0.32894531250000003 0.24166666666666667 0.090703125
8 0.5182291666666666 0.3736484375 0.2552083333333333 0.144953125
7 0.7739583333333333 0.34864843749999996 0.31875 0.1887109375
2 0.82421875 0.30667187500000004 0.3515625 0.2102109375
1 0.18567708333333333 0.24401562499999999 0.0953125 0.0575625
9 0.075 0.2135546875 0.0875 0.09038281249999999
10 0.45303125000000005 0.2551328125 0.3063333333333333 0.10400000000000001
5 0.30496874999999996 0.18550781249999998 0.07844791666666667 0.0691953125
5 0.49314583333333334 0.19624999999999998 0.05667708333333333 0.0406640625
9 0.6225833333333333 0.2630078125 0.0880625 0.044734375
2 0.0903125 0.11540625 0.12179166666666667 0.05842968750000001
10 0.1845520833333333 0.180875 0.190625 0.0803671875