1 0.68055 0.8361812500000001 0.5739083333333334 0.1682875
8 0.891925 0.73471875 0.19601666666666667 0.05115
10 0.15048333333333333 0.70890625 0.300975 0.07185
10 0.188725 0.67628125 0.339325 0.09406874999999999
10 0.300075 0.614575 0.27271666666666666 0.05475625
10 0.5189666666666667 0.6873812499999999 0.33371666666666666 0.08262499999999999
10 0.5058416666666666 0.644 0.2738333333333334 0.09005
8 0.6174166666666666 0.62138125 0.08656666666666667 0.07341875
1 0.5826583333333334 0.59641875 0.07535833333333333 0.045356249999999994
2 0.8173416666666666 0.65315 0.3653166666666667 0.17395
1 0.08791666666666667 0.59725625 0.11751666666666667 0.043668750000000006
8 0.4902583333333333 0.584475 0.13276666666666667 0.07865625