8 0.5509270833333333 0.8692890625 0.14352083333333335 0.1743359375
8 0.7424791666666667 0.930125 0.14467708333333332 0.1397578125
10 0.5775416666666667 0.6291796875 0.1273125 0.074328125
10 0.48241666666666666 0.5189375 0.06351041666666667 0.0435625
8 0.4546875 0.607625 0.06855208333333333 0.0689609375
8 0.3790729166666667 0.523859375 0.05040625 0.057937499999999996
8 0.34555208333333337 0.8562890624999999 0.13761458333333335 0.0921875
8 0.41401041666666666 0.9545546874999999 0.14601041666666664 0.090890625
8 0.22586458333333334 0.9347109375 0.14601041666666664 0.130578125
8 0.37823958333333335 0.7490703125 0.115625 0.09000781249999999
1 0.38444791666666667 0.546046875 0.0331875 0.0498515625
8 0.43402083333333336 0.5287421875 0.047343750000000004 0.048015625