2 0.5596234309623431 0.5466117647058824 0.2126987447698745 0.25322352941176474
10 0.3382217573221757 0.7200823529411765 0.237092050209205 0.26683529411764706
8 0.7180962343096234 0.6400941176470589 0.10087866108786611 0.11834117647058824
1 0.7046443514644352 0.5676470588235294 0.061171548117154806 0.05447058823529411
10 0.6210669456066946 0.41508235294117646 0.10535564853556485 0.06447058823529411
8 0.3743305439330544 0.5167058823529411 0.07621338912133892 0.06422352941176471
9 0.43935146443514644 0.4873647058823529 0.058912133891213386 0.05236470588235294
9 0.3973849372384937 0.47619999999999996 0.058284518828451884 0.05164705882352941
8 0.3282217573221757 0.47511764705882353 0.09926778242677825 0.07109411764705882
10 0.06661087866108786 0.5471176470588236 0.10759414225941423 0.0854470588235294
5 0.388744769874477 0.4038235294117647 0.07301255230125522 0.058176470588235295
10 0.42445606694560667 0.42363529411764705 0.05794979079497908 0.04016470588235294
2 0.48880753138075317 0.34343529411764706 0.065 0.05083529411764706
1 0.7305857740585775 0.4869058823529412 0.11175732217573223 0.05327058823529412
2 0.42397489539748956 0.3573882352941176 0.05378661087866109 0.05892941176470588