10 0.5273083333333333 0.84895 0.4669416666666667 0.19176875
9 0.2712333333333333 0.75885 0.11965833333333334 0.09134375
4 0.219375 0.7357250000000001 0.17018333333333333 0.08497500000000001
4 0.3542 0.7118062500000001 0.14731666666666668 0.05309375
4 0.13615 0.7346312500000001 0.11540833333333333 0.0807875
2 0.22469999999999998 0.6810062499999999 0.19145833333333334 0.06366875
2 0.3686916666666667 0.68249375 0.184275 0.06228125
2 0.6085416666666666 0.6853812499999999 0.32361666666666666 0.09796875
2 0.8456833333333333 0.7464 0.30862500000000004 0.50719375
2 0.0714 0.68828125 0.10024999999999999 0.03795625
8 0.05345 0.74888125 0.061691666666666665 0.0793875