2 0.38562761506276155 0.5368235294117647 0.1087866108786611 0.1473764705882353
2 0.5014016736401673 0.4762705882352941 0.17294979079497907 0.09292941176470587
2 0.35633891213389124 0.4308 0.0502092050209205 0.04904705882352941
2 0.4341004184100418 0.4243294117647059 0.07322175732217573 0.024352941176470588
10 0.3040376569037657 0.8337764705882353 0.22734309623430962 0.2589294117647059
10 0.9184100418410042 0.9256823529411765 0.16317991631799164 0.1486235294117647
10 0.05788702928870293 0.47294117647058825 0.06694560669456066 0.04314117647058824
9 0.7733682008368201 0.7012941176470588 0.1589958158995816 0.07239999999999999
1 0.9100418410041841 0.8096941176470588 0.06972803347280335 0.0813529411764706
8 0.8870292887029289 0.6195294117647059 0.22594142259414227 0.2422
8 0.6119246861924686 0.7639176470588236 0.3368200836820084 0.47215294117647055