10 0.8302916666666667 0.88639375 0.33940833333333337 0.2272125
8 0.5357583333333333 0.8371875 0.23064999999999997 0.17370000000000002
1 0.78815 0.77069375 0.11844999999999999 0.05145625
9 0.6411250000000001 0.7463 0.09385 0.0456125
8 0.7341333333333334 0.739075 0.12755833333333333 0.058499999999999996
2 0.4269416666666667 0.72419375 0.22128333333333336 0.049237500000000003
2 0.556525 0.7098 0.08083333333333333 0.0351
2 0.2067 0.69609375 0.28845 0.13373749999999998
8 0.28252499999999997 0.7590875 0.10556666666666667 0.05261875
1 0.30335 0.80426875 0.08474166666666666 0.06293750000000001
9 0.3933583333333333 0.7795749999999999 0.11506666666666668 0.08578749999999999
10 0.9374916666666667 0.71148125 0.12500833333333333 0.09945625