10 0.2806903765690376 0.8437764705882353 0.2405857740585774 0.2514705882352941
10 0.8922594142259415 0.9178470588235293 0.21548117154811716 0.1643176470588235
1 0.8817991631799164 0.8130235294117648 0.13179916317991633 0.08409411764705883
1 0.9428242677824268 0.6807176470588235 0.1143723849372385 0.08221176470588235
1 0.9689748953974896 0.6264235294117647 0.062071129707112975 0.07165882352941176
2 0.35529288702928874 0.5372235294117647 0.1248326359832636 0.1403294117647059
2 0.4794351464435146 0.479 0.17782426778242677 0.15329411764705883
2 0.3664644351464435 0.4306 0.09135983263598327 0.08394117647058823
8 0.6129707112970711 0.7835294117647059 0.28451882845188287 0.4329411764705882
8 0.716234309623431 0.5539294117647059 0.2185774058577406 0.20361176470588235
1 0.765020920502092 0.5106823529411765 0.05142259414225941 0.046952941176470586
1 0.8743096234309624 0.5712705882352941 0.11117154811715481 0.0618