10 0.09937238493723849 0.8116470588235294 0.1847907949790795 0.15583529411764707
10 0.7510460251046025 0.5303764705882353 0.08646443514644352 0.05996470588235294
1 0.2705648535564854 0.6483764705882353 0.08786610878661087 0.06851764705882353
10 0.40690376569037656 0.4894117647058824 0.09972803347280335 0.02901176470588235
10 0.6380753138075314 0.46647058823529414 0.05579497907949791 0.03412941176470589
8 0.39439330543933054 0.6424470588235295 0.5007740585774059 0.3060588235294117
1 0.5529707112970711 0.5546470588235294 0.030711297071129705 0.04508235294117647
4 0.5814225941422595 0.4026705882352941 0.037008368200836826 0.026752941176470587
2 0.6309832635983263 0.3846588235294117 0.045376569037656904 0.025094117647058822
2 0.608723849372385 0.3759294117647059 0.03403765690376569 0.033141176470588236
9 0.565 0.44736470588235294 0.039100418410041846 0.018964705882352943
8 0.5903138075313807 0.42763529411764706 0.14207112970711297 0.036447058823529416
10 0.7134518828451882 0.44176470588235295 0.0759205020920502 0.04507058823529412