8 0.505836820083682 0.6985647058823529 0.13709205020920504 0.1463764705882353
8 0.448765690376569 0.6008 0.10244769874476987 0.1056
8 0.47652719665271964 0.4993058823529412 0.08154811715481171 0.07801176470588235
8 0.644979079497908 0.5844470588235294 0.09123430962343096 0.07978823529411765
8 0.6118410041841004 0.6539764705882353 0.11060669456066945 0.11050588235294119
1 0.34861924686192464 0.6707647058823529 0.08868200836820084 0.09591764705882352
8 0.396255230125523 0.5345764705882353 0.070836820083682 0.0883764705882353
8 0.33025104602510463 0.4725529411764706 0.0703347280334728 0.0709529411764706
10 0.5440585774058577 0.4395764705882353 0.09123430962343096 0.042835294117647055
8 0.5519665271966526 0.5577058823529412 0.09173640167364017 0.08304705882352942
10 0.8605230125523012 0.4602823529411765 0.10671548117154811 0.06409411764705882
10 0.9087029288702929 0.5414470588235294 0.1482217573221757 0.07091764705882353