2 0.21990625000000003 0.7986093750000001 0.43981250000000005 0.40278125
8 0.6979166666666666 0.757703125 0.11805208333333334 0.17513281249999998
1 0.47801041666666666 0.5827265625 0.05323958333333333 0.090796875
8 0.5787291666666667 0.5745859375 0.061812500000000006 0.077765625
9 0.5292395833333333 0.48743749999999997 0.04766666666666666 0.05437499999999999
1 0.5821666666666666 0.490015625 0.02746875 0.0395234375
10 0.43793750000000004 0.5150234375 0.078375 0.0586328125
1 0.4694479166666667 0.46485937499999996 0.025052083333333332 0.0364765625
8 0.36622916666666666 0.5820078125 0.06342708333333333 0.06534375
8 0.35410416666666666 0.5083593750000001 0.05372916666666667 0.059843749999999994
9 0.5258020833333333 0.4433359375 0.043229166666666666 0.0334296875
10 0.7179062500000001 0.54896875 0.10018750000000001 0.0574453125
10 0.71265625 0.5033515625 0.08968749999999999 0.0443828125
9 0.8447708333333334 0.7514296875 0.15031250000000002 0.14784375