9 0.5575 0.86971875 0.23166666666666666 0.2469375
9 0.7780583333333333 0.7712812499999999 0.23944166666666666 0.17065000000000002
9 0.9066666666666666 0.7111062499999999 0.12444166666666667 0.10445625
2 0.17555833333333332 0.7950624999999999 0.3511083333333333 0.409875
2 0.2375 0.6436125 0.39166666666666666 0.16948125
2 0.5175 0.61634375 0.262775 0.09410625
2 0.7622249999999999 0.60426875 0.257775 0.044962499999999996
8 0.4241666666666667 0.753375 0.20944166666666666 0.14316874999999998
8 0.56 0.71880625 0.12 0.1157
8 0.6506333333333333 0.68824375 0.06154166666666666 0.09510624999999999
6 0.7658916666666667 0.6437 0.13685833333333333 0.0786375
9 0.9287166666666667 0.6263062500000001 0.05379166666666666 0.051762499999999996