8 0.4219874476987448 0.8608823529411764 0.24527196652719666 0.18951764705882354
10 0.10489539748953974 0.8239529411764706 0.20976987447698744 0.24876470588235292
1 0.30246861924686197 0.6054470588235294 0.06891213389121338 0.07274117647058824
8 0.5193305439330544 0.7027529411764706 0.5114435146443514 0.12250588235294117
1 0.5226987447698744 0.5819647058823529 0.040606694560669454 0.06361176470588235
8 0.6453347280334729 0.5693647058823529 0.11648535564853556 0.1128
10 0.7627405857740586 0.5358470588235295 0.12855648535564854 0.06534117647058824
10 0.6445188284518828 0.4551647058823529 0.075418410041841 0.05142352941176471
10 0.4207112970711297 0.47362352941176467 0.07564853556485356 0.03745882352941177
8 0.21081589958158994 0.5979411764705882 0.0851673640167364 0.08512941176470588
8 0.4205857740585774 0.5387882352941177 0.24481171548117153 0.10431764705882353
8 0.5178242677824269 0.47558823529411764 0.09119246861924687 0.05128235294117647
9 0.5865062761506277 0.500235294117647 0.07077405857740586 0.059352941176470594
5 0.7215481171548117 0.43825882352941176 0.09027196652719666 0.07371764705882353
9 0.5700209205020921 0.4429529411764706 0.06102510460251046 0.030929411764705882
4 0.5868828451882845 0.38628235294117647 0.03652719665271967 0.025176470588235293
10 0.47294979079497906 0.4378705882352941 0.07828451882845189 0.04030588235294118