2 0.5679916317991632 0.41862352941176467 0.3410041841004184 0.1894
2 0.37725941422594145 0.30965882352941176 0.09205020920502092 0.08127058823529412
2 0.5125523012552301 0.32141176470588234 0.13947698744769874 0.0734235294117647
2 0.46617154811715483 0.25771764705882355 0.08158995815899582 0.059741176470588235
2 0.39713389121338916 0.2663411764705882 0.09692468619246862 0.04562352941176471
0 0.26464435146443516 0.28848235294117647 0.1108786610878661 0.13303529411764706
9 0.3023012552301255 0.3837529411764706 0.10251046025104603 0.06475294117647058
0 0.296255230125523 0.4417176470588235 0.20384937238493722 0.09305882352941176
0 0.25173640167364014 0.5748352941176471 0.20361924686192467 0.24692941176470587
10 0.2785983263598326 0.8437529411764707 0.28322175732217575 0.3124941176470588
8 0.6221338912133891 0.8406 0.21953974895397488 0.30619999999999997
9 0.414163179916318 0.5470941176470588 0.1344979079497908 0.12535294117647058
8 0.5579079497907949 0.5878 0.16579497907949792 0.1287294117647059
8 0.7831171548117154 0.7577058823529411 0.18217573221757322 0.20643529411764705
1 0.8092677824267782 0.6503058823529412 0.22380753138075316 0.12369411764705883
8 0.7292259414225941 0.5378 0.19889121338912133 0.09276470588235293
8 0.88418410041841 0.5705882352941176 0.18502092050209204 0.14234117647058822
8 0.8984937238493724 0.44158823529411767 0.20299163179916319 0.11843529411764706
8 0.8005439330543933 0.37745882352941174 0.20625523012552302 0.09031764705882353