10 0.7558995815899582 0.5398352941176471 0.11322175732217572 0.06270588235294117
8 0.6578033472803347 0.5552588235294118 0.061485355648535564 0.053776470588235294
8 0.5699372384937239 0.6493529411764707 0.08554393305439331 0.07084705882352942
8 0.3593723849372385 0.8672588235294117 0.16855648535564852 0.19897647058823528
10 0.09939330543933055 0.793329411764706 0.19876569037656905 0.13927058823529412
8 0.35707112970711297 0.6748000000000001 0.11167364016736402 0.10963529411764705
8 0.3181380753138075 0.5611294117647059 0.07069037656903765 0.0724470588235294
8 0.464142259414226 0.5673294117647059 0.0799163179916318 0.06928235294117648
9 0.5878661087866108 0.5078117647058823 0.06608786610878661 0.048776470588235296
8 0.7325941422594142 0.4929647058823529 0.05738493723849372 0.03810588235294118
8 0.21056485355648535 0.6153058823529411 0.10144351464435147 0.056341176470588235