2 0.6516736401673641 0.8051529411764706 0.696652719665272 0.2879529411764706
2 0.46617154811715483 0.6073882352941176 0.3047489539748954 0.1630235294117647
10 0.8895815899581591 0.6423411764705882 0.12585774058577406 0.036929411764705884
10 0.7304602510460252 0.6013882352941177 0.15230125523012553 0.05756470588235294
10 0.5664225941422594 0.5535058823529412 0.0747489539748954 0.040694117647058825
9 0.4452928870292887 0.5496235294117647 0.04288702928870293 0.034058823529411766
10 0.473347280334728 0.5351529411764706 0.058912133891213386 0.02876470588235294
10 0.3777615062761506 0.5331176470588235 0.048096234309623426 0.03823529411764706
2 0.5323640167364017 0.5039411764705882 0.09479079497907951 0.05424705882352941
2 0.40539748953974897 0.48721176470588234 0.08736401673640166 0.044458823529411766
2 0.32784518828451886 0.4828705882352941 0.05410041841004184 0.027905882352941176
2 0.7953765690376569 0.5109176470588235 0.12985355648535565 0.0592
10 0.935857740585774 0.5358823529411765 0.12826359832635983 0.05163529411764706
8 0.6856903765690376 0.558364705882353 0.05259414225941423 0.03829411764705882
10 0.6182845188284519 0.5362588235294118 0.057112970711297076 0.01723529411764706
8 0.643305439330544 0.5583764705882353 0.06200836820083682 0.033882352941176475
10 0.977866108786611 0.5995764705882353 0.04426778242677824 0.033529411764705884
1 0.710020920502092 0.5045882352941177 0.02276150627615063 0.023423529411764708
1 0.27581589958159 0.5673529411764706 0.051213389121338916 0.04523529411764706
1 0.0794979079497908 0.7992941176470588 0.09623430962343096 0.1272235294117647