8 0.4929707112970711 0.8801882352941176 0.1911715481171548 0.19765882352941175
8 0.4400418410041841 0.7008117647058825 0.13041841004184102 0.14761176470588236
8 0.27106694560669453 0.8229647058823529 0.18161087866108788 0.2076
8 0.6974476987447699 0.7125294117647059 0.14543933054393304 0.15952941176470586
8 0.41765690376569037 0.5711764705882353 0.08654811715481171 0.09136470588235293
8 0.6598744769874477 0.4820705882352941 0.06428870292887029 0.060576470588235294
9 0.5735355648535564 0.5172823529411764 0.09075313807531381 0.06863529411764706
10 0.7735355648535565 0.5077176470588235 0.12269874476987447 0.0736
1 0.580460251046025 0.5685764705882353 0.06679916317991631 0.0719764705882353
1 0.3294142259414226 0.617270588235294 0.07646443514644351 0.08147058823529411
10 0.42815899581589956 0.433035294117647 0.07732217573221757 0.03907058823529412
10 0.6418200836820084 0.41542352941176475 0.058410041841004186 0.030788235294117648
9 0.5689121338912134 0.4068 0.04621338912133891 0.023458823529411765