2 0.35251046025104604 0.5264352941176471 0.14713389121338913 0.14621176470588235
2 0.46721757322175733 0.4588235294117647 0.1743305439330544 0.09332941176470588
2 0.3158786610878661 0.4139529411764706 0.05244769874476987 0.04074117647058824
2 0.39035564853556487 0.4095529411764706 0.07418410041841005 0.018741176470588233
2 0.3649163179916318 0.3774823529411765 0.023284518828451884 0.019529411764705885
2 0.43135983263598326 0.38287058823529413 0.04071129707112971 0.023705882352941174
10 0.3158786610878661 0.4545529411764706 0.05244769874476987 0.018494117647058824
10 0.26880753138075314 0.8182470588235294 0.2272175732217573 0.255
10 0.8780962343096235 0.9149882352941177 0.21924686192468618 0.17003529411764706
8 0.5832635983263599 0.8168235294117646 0.360397489539749 0.3549058823529412
1 0.8504811715481171 0.798364705882353 0.06918410041841004 0.09210588235294119
8 0.5598326359832636 0.5951294117647059 0.22426778242677825 0.19543529411764707
1 0.7245397489539749 0.5945294117647059 0.04880753138075313 0.05618823529411764
1 0.9211924686192469 0.5924823529411765 0.10182008368200837 0.08661176470588236
8 0.7716945606694561 0.5816470588235294 0.2044560669456067 0.17475294117647058
1 0.7796443514644352 0.5225529411764706 0.06135983263598326 0.03458823529411765
10 0.5018200836820084 0.4241764705882353 0.05244769874476987 0.026082352941176473