8 0.7625 0.83979375 0.475 0.32041875
8 0.13416666666666666 0.82833125 0.25166666666666665 0.34333125000000003
8 0.1325 0.6418125 0.1705583333333333 0.10779375
10 0.662775 0.725925 0.5366666666666666 0.29268125
8 0.3566666666666667 0.6668000000000001 0.2911083333333333 0.1411
2 0.7341666666666666 0.54768125 0.185 0.08619375
2 0.8483333333333334 0.54435 0.13 0.06286875
2 0.442225 0.55851875 0.17333333333333334 0.0245375
4 0.49398333333333333 0.58539375 0.08575833333333333 0.0467875
9 0.6512083333333334 0.5805375 0.03730833333333334 0.030981250000000002
1 0.9151833333333333 0.60128125 0.06244166666666667 0.0648625
10 0.9277916666666666 0.58015 0.144425 0.043899999999999995