2 0.6072916666666667 0.6251015625 0.27708333333333335 0.335359375
10 0.109375 0.8363828124999999 0.17708333333333334 0.218859375
8 0.17890625 0.6594921874999999 0.19635416666666666 0.1541484375
8 0.40546875 0.6134140625 0.15989583333333332 0.1557421875
8 0.8768229166666667 0.68078125 0.13385416666666666 0.1459375
1 0.790625 0.5923359375 0.08125 0.0979609375
1 0.9145833333333333 0.5722265625 0.058333333333333334 0.0850859375
8 0.9674479166666666 0.605609375 0.06510416666666667 0.140125
8 0.94921875 0.4978359375 0.1015625 0.0808359375
4 0.07552083333333333 0.5333671875 0.140625 0.128453125
10 0.17317708333333334 0.57359375 0.2786458333333333 0.09171875