10 0.24755230125523012 0.7310470588235294 0.2231589958158996 0.35150588235294117
5 0.29880753138075317 0.4997764705882353 0.16527196652719664 0.13995294117647059
10 0.26359832635983266 0.32923529411764707 0.10738493723849372 0.1988705882352941
9 0.4567573221757322 0.638164705882353 0.16736401673640167 0.17358823529411765
8 0.6133263598326361 0.7304823529411765 0.16667364016736402 0.22096470588235292
8 0.852510460251046 0.8737294117647059 0.2405857740585774 0.2525529411764706
8 0.9219037656903766 0.6908941176470588 0.15621338912133892 0.19668235294117647
8 0.9096861924686193 0.5589764705882353 0.18060669456066944 0.14070588235294118
2 0.6377196652719664 0.4633058823529412 0.36889121338912134 0.21603529411764705
2 0.4034100418410042 0.3449294117647059 0.15131799163179915 0.15181176470588234
2 0.5439330543933054 0.3280705882352941 0.16039748953974894 0.11027058823529412
2 0.41910041841004186 0.28143529411764706 0.09205020920502092 0.05620000000000001
2 0.3608786610878661 0.2571294117647059 0.08018828451882845 0.05464705882352942
2 0.4902301255230126 0.2706470588235294 0.0948326359832636 0.06208235294117648
9 0.4341004184100418 0.46862352941176466 0.12901673640167363 0.10508235294117646
8 0.8332426778242679 0.40707058823529413 0.1685355648535565 0.09058823529411765
8 0.7053347280334727 0.35151764705882355 0.18083682008368201 0.07016470588235295
10 0.1644142259414226 0.2883294117647059 0.06269874476987447 0.03790588235294118