1 0.29497907949790797 0.7728352941176471 0.2454602510460251 0.23030588235294117
8 0.5390585774058577 0.7364705882352941 0.41562761506276147 0.5270588235294118
1 0.5993723849372385 0.550364705882353 0.08299163179916319 0.09209411764705883
10 0.5676359832635983 0.4717647058823529 0.1241213389121339 0.07998823529411764
10 0.859142259414226 0.5291882352941176 0.14225941422594143 0.11249411764705883
4 0.963744769874477 0.507235294117647 0.07253138075313807 0.11564705882352941
10 0.8186820083682008 0.4511882352941176 0.08926778242677824 0.058447058823529414
1 0.3349372384937238 0.42832941176470585 0.027154811715481172 0.03965882352941177
8 0.4882008368200837 0.42371764705882353 0.24426778242677824 0.12625882352941176
5 0.48466527196652714 0.3607294117647059 0.03811715481171548 0.028741176470588235
10 0.4810460251046025 0.3193764705882353 0.042677824267782424 0.025729411764705883
8 0.4089121338912134 0.3537529411764706 0.08569037656903766 0.05178823529411765
9 0.838765690376569 0.4088588235294117 0.03441422594142259 0.01969411764705882