10 0.7799790794979079 0.7391058823529412 0.2907949790794979 0.2225294117647059
10 0.4260878661087866 0.5188 0.13389121338912133 0.07996470588235294
1 0.536255230125523 0.6379882352941176 0.07531380753138076 0.0830235294117647
9 0.5145606694560669 0.8885294117647059 0.1949163179916318 0.22294117647058823
1 0.255 0.8212588235294118 0.1259623430962343 0.1468
1 0.3202510460251046 0.6204470588235294 0.09951882845188284 0.10481176470588235
1 0.6993723849372385 0.5249176470588235 0.08135983263598326 0.06005882352941176
8 0.5434728033472803 0.5356 0.11232217573221757 0.08141176470588235
10 0.9263807531380753 0.5232470588235294 0.14721757322175733 0.07994117647058824
8 0.9676778242677825 0.4486117647058823 0.0646234309623431 0.04911764705882353
10 0.5573012552301255 0.40044705882352943 0.0656694560669456 0.034058823529411766
1 0.4336192468619247 0.45129411764705885 0.061945606694560666 0.028917647058823527
8 0.4464225941422594 0.43224705882352943 0.14535564853556487 0.10229411764705883
10 0.5242677824267782 0.4162352941176471 0.01692468619246862 0.000611764705882353
10 0.5419456066945607 0.41461176470588235 0.023117154811715484 0.007282352941176471
8 0.4639539748953975 0.3586235294117647 0.1146652719665272 0.037023529411764705