10 0.752112970711297 0.533 0.10698744769874477 0.05269411764705882
8 0.47430962343096233 0.6270588235294118 0.08623430962343095 0.0898
8 0.367510460251046 0.6480352941176472 0.10188284518828453 0.10107058823529412
8 0.3978870292887029 0.5618588235294117 0.07313807531380753 0.05884705882352941
8 0.6560669456066947 0.6062823529411765 0.07642259414225942 0.09122352941176472
8 0.3120292887029289 0.5607294117647059 0.07167364016736401 0.07256470588235293
8 0.31682008368200837 0.8269058823529412 0.342092050209205 0.20396470588235294
10 0.08627615062761507 0.8260705882352941 0.17253138075313806 0.2257294117647059
1 0.2663389121338912 0.6618705882352942 0.08815899581589959 0.07344705882352941
8 0.5673012552301255 0.6268588235294118 0.08334728033472805 0.07591764705882353
8 0.6531380753138075 0.5207058823529412 0.06656903765690377 0.07388235294117647