10 0.38215481171548116 0.6667764705882353 0.19943514644351465 0.19160000000000002
1 0.7217573221757322 0.7506823529411765 0.08368200836820083 0.1398
1 0.5564853556485355 0.6177882352941176 0.06834728033472803 0.10145882352941175
1 0.3591422594142259 0.4943058823529412 0.02788702928870293 0.0505764705882353
1 0.401673640167364 0.5119529411764706 0.043242677824267786 0.062329411764705876
1 0.5864644351464435 0.4131529411764706 0.03625523012552301 0.037294117647058825
10 0.9480543933054394 0.46 0.1039121338912134 0.07216470588235295
10 0.5432426778242678 0.37179999999999996 0.06694560669456066 0.02908235294117647
8 0.47280334728033474 0.47352941176470587 0.04602510460251046 0.04823529411764706
8 0.5686820083682008 0.9286235294117647 0.18897489539748955 0.14274117647058823
8 0.5655439330543933 0.5080235294117647 0.07809623430962342 0.054482352941176475
8 0.4895397489539749 0.5315529411764706 0.0794979079497908 0.0576
8 0.6701464435146444 0.6064235294117647 0.11993723849372384 0.0865764705882353
8 0.5432426778242678 0.4425529411764706 0.06135983263598326 0.056882352941176474
8 0.638765690376569 0.48470588235294115 0.07112970711297072 0.05097647058823529
8 0.41353556485355647 0.4192352941176471 0.05299163179916318 0.05336470588235294
8 0.4780334728033473 0.4068823529411765 0.06345188284518828 0.08748235294117647
8 0.40376569037656906 0.34670588235294114 0.03347280334728033 0.05732941176470588
2 0.4483891213389122 0.2565411764705882 0.03905857740585775 0.03387058823529412
2 0.47106694560669454 0.26810588235294114 0.04951882845188285 0.02955294117647059
8 0.43165271966527197 0.31867058823529415 0.08926778242677824 0.07577647058823529
9 0.9553765690376569 0.41257647058823527 0.0794979079497908 0.0322