2 0.153125 0.6528046875 0.30625 0.5079453125
8 0.125 0.8869140625 0.25 0.226171875
10 0.46119791666666665 0.7584765625000001 0.4359375 0.30596875
10 0.34140625 0.6167421875 0.1671875 0.0959921875
10 0.6221354166666667 0.6526640625 0.2390625 0.0741171875
2 0.8080729166666667 0.6212421875 0.21302083333333333 0.062015625
2 0.7 0.60875 0.22083333333333333 0.0495234375
8 0.7544270833333333 0.7254921875 0.1203125 0.15332812499999998
8 0.5705729166666667 0.8023984375 0.3380208333333333 0.3086875
1 0.5697916666666667 0.9221562499999999 0.32708333333333334 0.1525625
1 0.8588541666666667 0.8030625 0.12395833333333334 0.21106250000000001
8 0.9635416666666666 0.6833203125 0.07291666666666667 0.1158671875