2 0.4768828451882845 0.4597529411764706 0.21066945606694562 0.12188235294117647
2 0.357489539748954 0.5412705882352941 0.16665271966527195 0.15508235294117645
2 0.33060669456066943 0.42316470588235294 0.058807531380753134 0.058835294117647055
8 0.6422803347280335 0.753164705882353 0.3791213389121339 0.49367058823529414
10 0.8895815899581591 0.9182941176470588 0.22083682008368202 0.14845882352941175
10 0.30949790794979076 0.8364470588235294 0.20778242677824266 0.27484705882352944
1 0.8767573221757322 0.7964235294117648 0.12661087866108786 0.08729411764705883
9 0.7571757322175733 0.691764705882353 0.1471757322175732 0.08890588235294117
1 0.8901046025104603 0.6664235294117647 0.09198744769874477 0.07472941176470589
1 0.9564644351464435 0.6078235294117647 0.08043933054393305 0.05895294117647059
1 0.6581380753138075 0.5203882352941176 0.09702928870292887 0.05652941176470588
8 0.3136610878661088 0.6524117647058822 0.2088702928870293 0.05684705882352941