9 0.55915 0.8407125000000001 0.23796666666666666 0.19594375
10 0.25867500000000004 0.9088249999999999 0.5173583333333334 0.18235625
9 0.114175 0.8337875 0.22835 0.16544375
8 0.3398083333333333 0.7939499999999999 0.201225 0.10611875
8 0.27199166666666663 0.72516875 0.12970833333333334 0.1461
8 0.117375 0.7036312499999999 0.22982500000000003 0.11227499999999999
10 0.3629833333333333 0.666375 0.14894166666666667 0.1246875
8 0.6429916666666667 0.6725625 0.43524166666666664 0.1906875
9 0.878125 0.62126875 0.09913333333333332 0.10105
9 0.7837999999999999 0.6070375 0.08063333333333333 0.0688875
9 0.8078416666666667 0.574775 0.07200833333333333 0.057999999999999996
6 0.7047666666666667 0.56801875 0.12230833333333334 0.098125
2 0.3253833333333333 0.557575 0.4214333333333334 0.10127499999999999
2 0.10924166666666667 0.6007374999999999 0.20861666666666667 0.1524625
2 0.5441083333333333 0.5426 0.20295 0.08981875
2 0.74015 0.52200625 0.19555 0.065275
9 0.80735 0.55115 0.07101666666666667 0.02916875
10 0.8855166666666666 0.52211875 0.06460833333333334 0.04878125
10 0.255225 0.9232187500000001 0.51045 0.1500375
8 0.753225 0.8196687500000001 0.16744166666666668 0.194475