8 0.6352928870292888 0.8669058823529412 0.18968619246861926 0.24283529411764707
8 0.5529916317991631 0.6677647058823529 0.13667364016736402 0.12691764705882352
8 0.709560669456067 0.6885411764705882 0.13598326359832635 0.1449294117647059
8 0.6935146443514645 0.5680117647058823 0.0899581589958159 0.07248235294117647
1 0.5997280334728033 0.5519294117647059 0.07671548117154812 0.11091764705882354
4 0.1743305439330544 0.5734941176470588 0.3138075313807531 0.09914117647058823
4 0.23813807531380754 0.6940235294117647 0.34240585774058574 0.21863529411764707
4 0.41562761506276147 0.5672117647058823 0.18269874476987447 0.14931764705882353
8 0.31031380753138077 0.8061411764705882 0.20920502092050208 0.20758823529411763
1 0.12238493723849372 0.908035294117647 0.18897489539748955 0.18391764705882355
2 0.22035564853556486 0.4384352941176471 0.2663807531380753 0.1309764705882353
2 0.06520920502092051 0.49291764705882357 0.10251046025104603 0.13799999999999998
2 0.37656903765690375 0.37434117647058823 0.18828451882845187 0.06162352941176471
2 0.4769874476987448 0.34650588235294116 0.13807531380753138 0.060858823529411764
2 0.5774058577405857 0.32984705882352944 0.08786610878661087 0.06283529411764706
10 0.4594769874476987 0.4288705882352941 0.09805439330543933 0.05490588235294118
10 0.6560041841004184 0.44336470588235294 0.09219665271966528 0.056988235294117645
10 0.6802928870292887 0.4127176470588235 0.0805020920502092 0.050529411764705885
10 0.6801255230125524 0.38899999999999996 0.07658995815899582 0.046952941176470586
5 0.6935146443514645 0.3535647058823529 0.07677824267782428 0.03491764705882353
8 0.5443096234309623 0.4462 0.09573221757322176 0.0895764705882353
6 0.5786192468619247 0.3730470588235294 0.08811715481171548 0.051741176470588235
10 0.7087656903765691 0.3252588235294118 0.029246861924686195 0.03812941176470588
1 0.7340167364016736 0.4698823529411764 0.04255230125523012 0.0502
10 0.23899581589958158 0.3548117647058823 0.07376569037656903 0.03641176470588235
10 0.17817991631799163 0.3847176470588235 0.09751046025104602 0.028423529411764705