2 0.3797280334728033 0.5442588235294118 0.5519874476987449 0.3726
1 0.17500000000000002 0.4841764705882353 0.10334728033472804 0.10730588235294117
1 0.04424686192468619 0.6743294117647058 0.07673640167364017 0.11775294117647059
8 0.7087656903765691 0.4883529411764706 0.09435146443514644 0.13768235294117648
8 0.8172175732217574 0.5117882352941177 0.11548117154811716 0.1471294117647059
2 0.10824267782426779 0.36401176470588237 0.21257322175732218 0.1464
9 0.9278033472803348 0.3796470588235294 0.08612970711297072 0.11161176470588235
8 0.6764644351464436 0.3678705882352941 0.14719665271966528 0.08587058823529412
2 0.744581589958159 0.2518941176470588 0.2051255230125523 0.10134117647058824
10 0.7998117154811716 0.2974588235294118 0.06675732217573221 0.043670588235294114
10 0.805439330543933 0.26997647058823526 0.07412133891213389 0.03670588235294118
2 0.8976150627615063 0.27187058823529414 0.09158995815899582 0.09397647058823529
2 0.957949790794979 0.2391529411764706 0.06868200836820083 0.046
10 0.43085774058577403 0.30908235294117653 0.15736401673640169 0.05708235294117647