2 0.38255208333333335 0.6350546875 0.2390625 0.3904140625
9 0.825 0.72275 0.23333333333333334 0.21814843750000001
9 0.8609375 0.5997578125 0.190625 0.10498437499999999
9 0.6760416666666667 0.5634453125000001 0.18541666666666667 0.071421875
0 0.06067708333333333 0.69521875 0.11614583333333334 0.2294921875
10 0.07786458333333333 0.5224453125 0.14010416666666667 0.05973437499999999
9 0.0670625 0.4850625 0.07864583333333333 0.032296875
8 0.5224375 0.55759375 0.09202083333333334 0.0868046875
8 0.5863958333333333 0.484078125 0.06330208333333334 0.069484375
10 0.0553125 0.8953749999999999 0.110625 0.20925
2 0.09512499999999999 0.3979765625 0.10539583333333334 0.090625