10 0.277775 0.70869375 0.18889166666666665 0.22780625000000002
10 0.277775 0.9005187499999999 0.272225 0.19895625
10 0.27708333333333335 0.5263375 0.1625 0.17559375
8 0.4486083333333334 0.70504375 0.11389166666666665 0.20175625
4 0.6270833333333333 0.67795625 0.2125 0.22258125
8 0.61645 0.87555625 0.24113333333333334 0.2488875
9 0.39374166666666666 0.42685 0.06591666666666667 0.07375625000000001
9 0.296975 0.39278125 0.06170833333333333 0.0450625
10 0.2920666666666667 0.34635625 0.068725 0.04845
10 0.310475 0.308475 0.052941666666666665 0.03895625
2 0.382525 0.34991875 0.098175 0.11395
8 0.5645 0.44895 0.0582 0.06114375
8 0.722975 0.5201125 0.08485 0.11353125
2 0.4782416666666667 0.33163125 0.100275 0.0947375
8 0.6773916666666667 0.408175 0.056799999999999996 0.07426875
8 0.44097499999999995 0.56111875 0.094025 0.10002499999999999
8 0.8613666666666667 0.7972499999999999 0.19815 0.25058125